function output = Ray_OS
%table 7.5-3
%AOA_AOD ray_offset
output = [0.0447,-0.0447,0.1413,-0.1413,0.2492,-0.2492,0.3715,-0.3715,0.5129,-0.5129,...
    0.6797,-0.6797,0.8844,-0.8844,1.1481,-1.1481,1.5195,-1.5195,2.1551,-2.1551];
end